 2.394e+11  5.807e+07  2.124e+28  2.387e+30
 1.139e+10  6.055e+05  1.428e+25  2.387e+30
 7.774e+10  1.079e+07  4.826e+25  2.387e+30
 1.101e+11  1.820e+07  4.129e+26  2.387e+30
 7.936e+09  3.518e+05  2.521e+27  2.387e+30
 1.873e+11  4.075e+07  1.352e+28  2.327e+30
 1.491e+11  2.865e+07  1.779e+27  2.387e+30
 3.491e+11  1.026e+08  2.217e+28  2.369e+30
 6.957e+09  2.899e+05  1.302e+27  2.369e+30
 1.691e+10  1.099e+06  1.706e+26  2.367e+30
 5.159e+09  1.852e+05  1.868e+27  2.367e+30
 1.664e+11  3.392e+07  2.402e+27  2.367e+30
 1.051e+10  5.390e+05  4.243e+25  2.367e+30
 6.805e+09  2.805e+05  1.938e+27  2.367e+30
 3.897e+11  1.214e+08  8.986e+27  2.367e+30
 7.470e+09  3.227e+05  9.652e+26  2.367e+30
 7.159e+09  3.032e+05  8.732e+26  2.361e+30
 5.463e+09  2.023e+05  2.071e+27  2.355e+30
 6.570e+09  2.672e+05  1.712e+27  2.349e+30
 7.471e+09  3.242e+05  1.030e+27  2.347e+30
 7.018e+09  2.951e+05  5.620e+26  2.347e+30
 2.477e+11  6.172e+07  1.259e+28  2.347e+30
 2.037e+11  4.605e+07  1.239e+28  2.347e+30
 7.366e+11  3.169e+08  7.634e+27  2.347e+30
 1.517e+10  9.416e+05  4.897e+26  2.329e+30
 7.478e+10  1.031e+07  2.033e+27  2.327e+30
 4.515e+11  1.529e+08  2.028e+27  2.327e+30
 1.704e+11  3.543e+07  2.505e+27  2.327e+30
 4.438e+09  1.487e+05  1.793e+28  2.321e+30
 8.323e+09  3.834e+05  8.199e+26  2.319e+30
 6.975e+09  2.943e+05  9.098e+26  2.317e+30
 1.488e+11  2.895e+07  1.875e+28  2.307e+30
 1.351e+10  7.951e+05  1.362e+27  2.307e+30
 1.535e+11  3.044e+07  1.386e+27  2.307e+30
 7.395e+11  3.218e+08  2.752e+27  2.307e+30
 4.008e+09  1.284e+05  4.706e+27  2.307e+30
 5.126e+09  1.858e+05  1.635e+27  2.307e+30
 3.434e+11  1.018e+08  4.176e+27  2.307e+30
 4.147e+11  1.349e+08  1.470e+28  2.305e+30
 6.091e+09  2.409e+05  2.004e+27  2.301e+30
 1.266e+11  2.282e+07  7.634e+27  2.295e+30
 1.388e+10  8.328e+05  6.565e+25  2.281e+30
 7.989e+11  3.634e+08  3.585e+27  2.281e+30
 1.406e+11  2.683e+07  1.031e+27  2.281e+30
 2.285e+11  5.558e+07  3.313e+27  2.281e+30
 1.382e+11  2.616e+07  3.885e+27  2.278e+30
 3.543e+11  1.075e+08  7.321e+26  2.278e+30
 3.033e+11  8.519e+07  1.525e+27  2.274e+30
 2.820e+11  7.627e+07  8.603e+27  2.274e+30
 7.682e+09  3.438e+05  1.945e+27  2.268e+30
 7.232e+09  3.137e+05  5.856e+27  2.268e+30
 4.367e+11  1.476e+08  3.699e+27  2.260e+30
 1.960e+11  4.416e+07  1.768e+28  2.268e+30
 4.039e+10  4.152e+06  4.027e+26  2.262e+30
 1.254e+11  2.270e+07  4.443e+27  2.260e+30
 8.311e+10  1.223e+07  2.062e+27  2.268e+30
 6.505e+09  2.680e+05  1.177e+27  2.268e+30
 5.612e+09  2.146e+05  2.031e+27  2.268e+30
 3.344e+11  9.893e+07  1.269e+27  2.260e+30
 1.773e+11  3.822e+07  3.198e+27  2.254e+30
 1.110e+11  1.895e+07  3.017e+27  2.254e+30
 8.278e+09  3.858e+05  1.010e+27  2.254e+30
 7.066e+09  3.045e+05  1.309e+27  2.250e+30
 1.313e+11  2.440e+07  9.117e+26  2.248e+30
 3.470e+09  1.048e+05  3.978e+27  2.248e+30
 7.687e+11  3.455e+08  3.846e+27  2.248e+30
 1.743e+11  3.731e+07  3.952e+27  2.248e+30
 3.657e+11  1.134e+08  1.295e+27  2.248e+30
 4.026e+09  1.306e+05  1.460e+28  2.248e+30
 7.645e+09  3.431e+05  4.406e+26  2.246e+30
 3.469e+11  1.049e+08  2.666e+27  2.242e+30
 8.903e+10  1.361e+07  6.350e+27  2.248e+30
 1.204e+11  2.146e+07  3.606e+27  2.238e+30
 1.651e+10  1.090e+06  2.145e+27  2.238e+30
 3.287e+11  9.677e+07  1.125e+28  2.234e+30
 1.133e+11  1.961e+07  3.428e+27  2.232e+30
 2.229e+11  5.413e+07  6.784e+27  2.230e+30
 6.425e+11  2.649e+08  6.598e+27  2.230e+30
 5.979e+09  2.382e+05  1.931e+27  2.228e+30
 4.066e+09  1.335e+05  3.720e+27  2.228e+30
 1.036e+10  5.423e+05  3.416e+27  2.236e+30
 1.915e+11  4.315e+07  5.204e+27  2.228e+30
 3.718e+11  1.169e+08  4.115e+27  2.222e+30
 2.026e+10  1.490e+06  1.271e+26  2.218e+30
 7.791e+10  1.124e+07  9.722e+26  2.214e+30
 3.189e+11  9.290e+07  1.183e+28  2.212e+30
 1.121e+10  6.140e+05  2.653e+25  2.208e+30
 8.050e+10  1.182e+07  3.377e+27  2.208e+30
 1.304e+10  7.706e+05  3.661e+25  2.208e+30
 1.580e+10  1.028e+06  3.841e+25  2.208e+30
 1.476e+10  9.281e+05  5.794e+25  2.208e+30
 1.123e+10  6.162e+05  3.276e+25  2.208e+30
 3.104e+11  8.948e+07  1.532e+27  2.208e+30
 3.756e+11  1.191e+08  5.397e+27  2.206e+30
 1.122e+10  6.158e+05  2.659e+27  2.204e+30
 7.980e+11  3.689e+08  4.964e+27  2.204e+30
 8.399e+09  3.989e+05  1.149e+27  2.202e+30
 7.235e+10  1.008e+07  1.416e+28  2.190e+30
 4.744e+11  1.686e+08  3.479e+28  2.188e+30
 7.811e+09  3.590e+05  1.102e+26  2.188e+30
 1.003e+11  1.652e+07  3.815e+25  2.188e+30
 6.733e+10  8.981e+06  1.097e+28  2.228e+30
 2.747e+10  2.368e+06  6.406e+25  2.188e+30
 5.555e+09  2.202e+05  3.547e+27  2.089e+30
 7.668e+10  1.102e+07  7.799e+27  2.188e+30
 3.100e+11  8.969e+07  3.612e+27  2.188e+30
 3.592e+11  1.115e+08  1.476e+28  2.192e+30
 7.136e+10  9.913e+06  1.939e+27  2.188e+30
 2.319e+10  1.822e+06  3.451e+28  2.188e+30
 7.011e+09  3.052e+05  1.061e+27  2.188e+30
 2.054e+11  4.833e+07  5.823e+27  2.188e+30
 1.712e+10  1.165e+06  2.078e+26  2.188e+30
 9.243e+09  4.624e+05  1.021e+27  2.184e+30
 3.024e+11  8.666e+07  1.756e+27  2.178e+30
 5.374e+10  6.505e+06  1.459e+27  2.168e+30
 7.850e+09  3.633e+05  9.101e+26  2.168e+30
 8.646e+09  4.200e+05  5.125e+26  2.168e+30
 1.790e+10  1.251e+06  1.590e+26  2.168e+30
 4.534e+11  1.594e+08  1.815e+27  2.168e+30
 7.640e+09  3.486e+05  2.488e+27  2.168e+30
 3.617e+11  1.135e+08  4.351e+27  2.168e+30
 9.517e+10  1.530e+07  9.924e+27  2.168e+30
 8.034e+09  3.761e+05  8.994e+26  2.168e+30
 1.910e+10  1.379e+06  5.793e+25  2.168e+30
 9.592e+10  1.552e+07  1.666e+26  2.168e+30
 2.965e+11  8.415e+07  1.064e+28  2.168e+30
 1.188e+10  6.779e+05  8.185e+26  2.158e+30
 1.532e+11  3.138e+07  6.418e+26  2.158e+30
 7.781e+09  3.593e+05  2.157e+27  2.156e+30
 2.275e+10  1.798e+06  3.222e+26  2.154e+30
 1.645e+10  1.107e+06  0.000e+00  2.148e+30
 1.532e+10  9.956e+05  6.708e+25  2.148e+30
 4.681e+11  1.680e+08  1.154e+27  2.148e+30
 3.390e+10  3.275e+06  1.463e+26  2.148e+30
 2.089e+11  5.011e+07  1.537e+27  2.146e+30
 1.357e+10  8.299e+05  2.874e+25  2.146e+30
 9.241e+09  4.665e+05  4.970e+25  2.146e+30
 1.423e+11  2.815e+07  6.764e+27  2.144e+30
 6.005e+09  2.443e+05  1.745e+27  2.144e+30
 7.945e+09  3.720e+05  9.720e+26  2.144e+30
 1.214e+11  2.211e+07  3.193e+28  2.136e+30
 3.725e+11  1.195e+08  4.424e+27  2.136e+30
 1.959e+11  4.565e+07  2.239e+27  2.132e+30
 1.727e+10  1.196e+06  2.664e+25  2.130e+30
 1.921e+10  1.403e+06  4.838e+25  2.130e+30
 5.006e+11  1.858e+08  1.915e+28  2.130e+30
 5.839e+09  2.349e+05  6.555e+27  2.128e+30
 6.452e+09  2.732e+05  1.361e+27  2.128e+30
 8.311e+09  3.995e+05  1.628e+25  2.128e+30
 4.389e+11  1.532e+08  9.898e+27  2.120e+30
 5.407e+09  2.096e+05  3.794e+25  2.128e+30
 2.616e+10  2.231e+06  3.353e+26  2.126e+30
 3.091e+11  9.063e+07  1.500e+27  2.126e+30
 7.112e+11  3.161e+08  6.024e+27  2.124e+30
 1.587e+11  3.338e+07  3.154e+27  2.118e+30
 3.144e+11  9.314e+07  4.832e+27  2.114e+30
 5.344e+11  2.066e+08  1.036e+27  2.114e+30
 4.701e+11  1.705e+08  5.219e+27  2.110e+30
 2.366e+11  6.091e+07  2.476e+27  2.108e+30
 1.924e+10  1.413e+06  7.147e+25  2.108e+30
 2.128e+11  5.201e+07  1.279e+26  2.108e+30
 5.123e+11  1.942e+08  3.911e+26  2.108e+30
 4.038e+10  4.298e+06  1.514e+26  2.108e+30
 3.213e+11  9.642e+07  2.204e+27  2.108e+30
 1.571e+11  3.280e+07  2.256e+28  2.108e+30
 9.592e+09  4.976e+05  7.878e+25  2.108e+30
 2.180e+11  5.374e+07  1.310e+28  2.108e+30
 5.160e+10  6.176e+06  1.384e+28  2.117e+30
 7.372e+10  1.060e+07  1.411e+26  2.108e+30
 4.687e+11  1.699e+08  2.555e+27  2.108e+30
 8.955e+10  1.416e+07  9.502e+27  2.108e+30
 1.780e+11  3.985e+07  2.789e+27  2.100e+30
 1.209e+11  2.231e+07  2.967e+27  2.097e+30
 8.714e+11  4.320e+08  1.528e+27  2.097e+30
 7.795e+09  3.655e+05  8.752e+26  2.097e+30
 2.908e+11  8.326e+07  3.485e+27  2.097e+30
 5.321e+10  6.525e+06  4.738e+26  2.093e+30
 5.104e+09  1.940e+05  7.519e+26  2.089e+30
 6.980e+09  3.089e+05  1.972e+28  2.089e+30
 3.500e+11  1.102e+08  2.492e+27  2.089e+30
 1.278e+10  7.678e+05  5.606e+27  2.089e+30
 2.245e+11  5.644e+07  1.798e+28  2.085e+30
 1.299e+11  2.495e+07  4.176e+26  2.084e+30
 4.595e+11  1.659e+08  6.645e+27  2.079e+30
 4.004e+10  4.278e+06  5.025e+25  2.075e+30
 1.340e+11  2.619e+07  1.384e+26  2.075e+30
 1.543e+10  1.025e+06  8.374e+24  2.069e+30
 1.014e+11  1.724e+07  9.333e+27  2.069e+30
 7.188e+09  3.256e+05  4.669e+27  2.069e+30
 2.036e+10  1.553e+06  2.839e+25  2.069e+30
 1.031e+10  5.600e+05  3.456e+25  2.069e+30
 2.274e+10  1.834e+06  3.777e+25  2.069e+30
 7.228e+11  3.288e+08  3.686e+27  2.063e+30
 6.297e+09  2.675e+05  9.681e+26  2.063e+30
 5.591e+11  2.244e+08  3.452e+27  2.051e+30
 1.199e+10  7.049e+05  4.058e+27  2.049e+30
 1.578e+10  1.065e+06  4.482e+25  2.049e+30
 1.197e+10  7.038e+05  3.513e+25  2.049e+30
 7.373e+09  3.405e+05  1.743e+27  2.043e+30
 9.502e+09  4.988e+05  4.556e+25  2.041e+30
 6.488e+09  2.814e+05  1.192e+27  2.039e+30
 2.045e+10  1.573e+06  6.795e+27  2.039e+30
 3.382e+11  1.058e+08  8.349e+27  2.039e+30
 3.564e+09  1.147e+05  3.491e+27  2.033e+30
 7.703e+11  3.644e+08  3.571e+27  2.033e+30
 1.879e+10  1.390e+06  9.437e+25  2.029e+30
 2.554e+10  2.205e+06  9.974e+25  2.029e+30
 3.928e+09  1.328e+05  4.307e+27  2.029e+30
 5.902e+11  2.447e+08  3.049e+27  2.029e+30
 3.559e+11  1.140e+08  2.503e+28  2.029e+30
 8.548e+09  4.271e+05  1.257e+27  2.025e+30
 4.885e+11  1.838e+08  1.759e+28  2.023e+30
 8.543e+09  4.275e+05  1.928e+26  2.019e+30
 9.672e+10  1.627e+07  5.420e+27  2.017e+30
 1.538e+11  3.264e+07  4.595e+27  2.017e+30
 1.443e+10  9.386e+05  3.704e+27  2.015e+30
 2.386e+11  6.312e+07  4.637e+27  2.013e+30
 1.973e+11  4.752e+07  3.773e+27  2.009e+30
 4.068e+09  1.407e+05  3.083e+27  2.009e+30
 4.908e+10  5.899e+06  1.458e+27  2.009e+30
 7.967e+09  3.858e+05  1.084e+27  2.009e+30
 3.926e+11  1.334e+08  2.833e+27  2.009e+30
 6.968e+09  3.156e+05  1.077e+27  2.009e+30
 7.790e+09  3.730e+05  1.107e+27  2.009e+30
 1.071e+10  6.012e+05  6.573e+26  2.009e+30
 7.795e+09  3.735e+05  5.699e+26  2.009e+30
 3.907e+11  1.323e+08  1.321e+28  2.003e+30
 3.967e+09  1.359e+05  2.413e+27  1.997e+30
 3.598e+09  1.175e+05  3.339e+27  1.993e+30
 4.758e+11  1.787e+08  3.624e+27  1.993e+30
 7.609e+09  3.618e+05  2.187e+27  1.989e+30
 3.640e+10  3.788e+06  3.869e+25  1.989e+30
 3.993e+09  1.376e+05  2.311e+25  1.989e+30
 4.239e+10  4.753e+06  5.318e+27  1.989e+30
 5.711e+11  2.350e+08  6.388e+27  1.989e+30
 9.780e+10  1.667e+07  3.446e+27  1.989e+30
 7.425e+09  3.489e+05  8.779e+26  1.989e+30
 2.831e+10  2.596e+06  1.326e+27  1.989e+30
 3.713e+10  3.901e+06  2.731e+26  1.989e+30
 1.776e+11  4.081e+07  1.118e+27  1.989e+30
 2.103e+10  1.663e+06  4.725e+26  1.989e+30
 5.674e+10  7.371e+06  2.065e+26  1.989e+30
 7.456e+09  3.529e+05  1.351e+26  1.969e+30
 3.571e+11  1.170e+08  6.610e+26  1.969e+30
 9.843e+09  5.326e+05  2.733e+24  1.989e+30
 1.877e+10  1.403e+06  4.966e+25  1.989e+30
 1.547e+11  3.315e+07  2.211e+27  1.989e+30
 1.643e+10  1.148e+06  4.774e+25  1.989e+30
 3.362e+10  3.362e+06  3.201e+26  1.989e+30
 1.389e+10  8.932e+05  7.537e+25  1.989e+30
 1.609e+10  1.113e+06  1.822e+26  1.989e+30
 1.241e+10  7.539e+05  3.271e+25  1.989e+30
 2.240e+09  5.783e+04  0.000e+00  1.989e+30
 6.251e+09  2.694e+05  1.599e+27  1.989e+30
 1.666e+10  1.173e+06  3.732e+25  1.989e+30
 7.087e+09  3.253e+05  1.098e+27  1.989e+30
